5 0.677917 0.185 0.120833 0.125 0.974609
8 0.8 0.813333 0.121667 0.125 0.977051
9 0.31125 0.9375 0.1225 0.123333 0.979004
6 0.8 0.561667 0.121667 0.125 0.979004
9 0.189583 0.9375 0.1225 0.123333 0.979492
1 0.189583 0.562083 0.1225 0.125833 0.97998
10 0.8 0.9375 0.121667 0.123333 0.97998
7 0.924167 0.43625 0.125 0.125833 0.980469
6 0.31125 0.561667 0.1225 0.125 0.980469
11 0.678333 0.8125 0.123333 0.125 0.980469
4 0.189583 0.06125 0.1225 0.1225 0.980957
6 0.0675 0.561667 0.121667 0.125 0.980957
2 0.434167 0.310833 0.123333 0.126667 0.980957
0 0.311667 0.43625 0.123333 0.125833 0.980957
0 0.8 0.43625 0.121667 0.125833 0.980957
3 0.31125 0.06125 0.1225 0.1225 0.981445
6 0.678333 0.310417 0.123333 0.125833 0.981445
2 0.19 0.185 0.121667 0.125 0.981934
0 0.555833 0.56125 0.123333 0.125833 0.981934
0 0.433333 0.562083 0.123333 0.125833 0.982422
