9 0.6875 0.30875 0.113333 0.115833 0.902344
7 0.6825 0.305833 0.123333 0.123333 0.964355
8 0.806667 0.30625 0.123333 0.124167 0.970703
2 0.80625 0.433333 0.124167 0.125 0.979492
1 0.6825 0.560417 0.123333 0.125833 0.979492
3 0.930833 0.9375 0.125 0.125 0.97998
9 0.930833 0.0591667 0.125 0.118333 0.97998
9 0.0633333 0.05875 0.123333 0.1175 0.97998
6 0.93 0.181667 0.125 0.126667 0.97998
11 0.434583 0.0591667 0.124167 0.118333 0.980469
1 0.310833 0.685417 0.123333 0.125833 0.980469
6 0.187083 0.181667 0.124167 0.125 0.980957
6 0.806667 0.18125 0.123333 0.125833 0.980957
6 0.682917 0.181667 0.124167 0.125 0.980957
0 0.187083 0.812083 0.124167 0.125833 0.980957
7 0.434583 0.181667 0.124167 0.125 0.980957
8 0.6825 0.0595833 0.123333 0.119167 0.980957
10 0.55875 0.0591667 0.1225 0.118333 0.981445
6 0.558333 0.307917 0.123333 0.125833 0.981445
6 0.310833 0.18125 0.123333 0.125833 0.981445
6 0.0633333 0.18125 0.123333 0.125833 0.981445
3 0.0633333 0.936667 0.123333 0.125 0.981445
0 0.80625 0.812083 0.124167 0.125833 0.981934
4 0.559167 0.936667 0.125 0.125 0.982422
0 0.434167 0.559583 0.123333 0.125833 0.982422
0 0.0633333 0.812083 0.123333 0.125833 0.982422
0 0.310417 0.812083 0.124167 0.125833 0.982422
2 0.310417 0.559583 0.124167 0.125833 0.98291
5 0.6825 0.685417 0.123333 0.125833 0.98291
0 0.930417 0.811667 0.124167 0.126667 0.983398
